body_T_cam0: !!opencv-matrix
   rows: 4
   cols: 4
   dt: d
   data: [ 3.2811126388355261e-02, 3.6174754638146123e-02,
       9.9880669656946020e-01, 1.1377373823758194e-01,
       -9.9945813383358584e-01, -1.4329442381220137e-03,
       3.2884424652056439e-02, 5.0100794102671750e-02,
       2.6208202940514111e-03, -9.9934445202726807e-01,
       3.6108136248024669e-02, -8.3592373677109769e-02, 0., 0., 0., 1. ]
body_T_cam1: !!opencv-matrix
   rows: 4
   cols: 4
   dt: d
   data: [ 3.3685752192807783e-02, 3.6331967030025135e-02,
       9.9877187498994713e-01, 1.1657988253563963e-01,
       -9.9942847532059709e-01, -1.6023330967604998e-03,
       3.3766184963576001e-02, -4.5354998582394723e-02,
       2.8271571502359923e-03, -9.9933849155347598e-01,
       3.6257226618588101e-02, -8.3879024033798100e-02, 0., 0., 0., 1. ]






/5.24/7-8次 
%YAML:1.0
---
body_T_cam0: !!opencv-matrix
   rows: 4
   cols: 4
   dt: d
   data: [ 3.0075557381183393e-02, 2.6359028591211295e-02,
       9.9920001123896052e-01, 1.1351821951278140e-01,
       -9.9953262472795079e-01, -4.6840459459021044e-03,
       3.0209134678604522e-02, 3.3450465491057776e-02,
       5.4765822064982098e-03, -9.9964156642533841e-01,
       2.6205833740430506e-02, -7.9669651783184803e-02, 0., 0., 0., 1. ]
body_T_cam1: !!opencv-matrix
   rows: 4
   cols: 4
   dt: d
   data: [ 3.1153135786106123e-02, 2.6243357744422068e-02,
       9.9917003973547491e-01, 1.1327221000320513e-01,
       -9.9949891813090264e-01, -4.7859462889436877e-03,
       3.1289093519538638e-02, -6.2740989113688792e-02,
       5.6031050184276628e-03, -9.9964412712345663e-01,
       2.6081110439067690e-02, -7.8709652278347059e-02, 0., 0., 0., 1. ]                       



#最新的室内的数据
body_T_cam0: !!opencv-matrix
   rows: 4
   cols: 4
   dt: d
   data: [ 2.1146787702940761e-02, 1.3754394543162041e-02,
       9.9968176436333855e-01, 9.8849890653065764e-02,
       -9.9961192797431686e-01, 1.8426249004218742e-02,
       2.0891787838849284e-02, 3.3365857797552578e-02,
       -1.8133031222487966e-02, -9.9973561003816669e-01,
       1.4138712823263511e-02, -8.5202204578193039e-02, 0., 0., 0., 1. ]
body_T_cam1: !!opencv-matrix
   rows: 4
   cols: 4
   dt: d
   data: [ 2.2844271686287998e-02, 1.3771266010067253e-02,
       9.9964418243873321e-01, 9.9467849933813163e-02,
       -9.9957268519044384e-01, 1.8554602001630838e-02,
       2.2587026491490050e-02, -6.2798905268242500e-02,
       -1.8236947998205692e-02, -9.9973300384504726e-01,
       1.4189247713310871e-02, -8.7675127551597357e-02, 0., 0., 0., 1. ]
      